input/20150916_Mw8.3_300km/CODG2590.15I
     1.0            IONOSPHERE MAPS     GNSS                IONEX VERSION / TYPE
ADDNEQ2 V5.3        AIUB                21-SEP-15 15:17     PGM / RUN BY / DATE 
CODE'S GLOBAL IONOSPHERE MAPS FOR DAY 259, 2015             COMMENT             
Global ionosphere maps (GIM) are generated on a daily basis DESCRIPTION         
at CODE using data from about 300 GNSS sites of the IGS and DESCRIPTION         
other institutions. The vertical total electron content     DESCRIPTION         
(VTEC) is modeled in a solar-geomagnetic reference frame    DESCRIPTION         
using a spherical harmonics expansion up to degree and      DESCRIPTION         
order 15. Piece-wise linear functions are used for          DESCRIPTION         
representation in the time domain. The time spacing of      DESCRIPTION         
their vertices is 1 hour, conforming with the epochs of the DESCRIPTION         
VTEC maps. Instrumental biases, so-called differential      DESCRIPTION         
P1-P2 code biases (DCB), for all GNSS satellites and ground DESCRIPTION         
stations are estimated as constant values for each day,     DESCRIPTION         
simultaneously with the 25 times 256, or 6400 parameters    DESCRIPTION         
used to represent the global VTEC distribution. The DCB     DESCRIPTION         
datum is defined by a zero-mean condition imposed on the    DESCRIPTION         
satellite bias estimates. P1-C1 bias corrections are taken  DESCRIPTION         
into account if needed. To convert line-of-sight TEC into   DESCRIPTION         
vertical TEC, a modified single-layer model mapping         DESCRIPTION         
function approximating the JPL extended slab model mapping  DESCRIPTION         
function is adopted. The mapping function is evaluated at   DESCRIPTION         
geodetic satellite elevation angles. For the computation of DESCRIPTION         
the ionospheric pierce points, a spherical layer with a     DESCRIPTION         
radius of 6821 km is assumed, implying geocentric, not      DESCRIPTION         
geodetic IONEX latitudes.                                   DESCRIPTION         
Note: These GIM results correspond to the results for the   DESCRIPTION         
middle day of a 3-day combination analysis solving for 73   DESCRIPTION         
times 256, or 18688 VTEC parameters and 3 sets of daily     DESCRIPTION         
satellite and receiver DCB constants.                       DESCRIPTION         
Contact address: code(at)aiub.unibe.ch                      DESCRIPTION         
Web page:        www.aiub.unibe.ch/content/ionosphere/      DESCRIPTION         
Data archive:    ftp.unibe.ch/aiub/CODE/                    DESCRIPTION         
                 www.aiub.unibe.ch/download/CODE/           DESCRIPTION         
  2015     9    16     0     0     0                        EPOCH OF FIRST MAP  
  2015     9    17     0     0     0                        EPOCH OF LAST MAP   
  3600                                                      INTERVAL            
    25                                                      # OF MAPS IN FILE   
  NONE                                                      MAPPING FUNCTION    
    10.0                                                    ELEVATION CUTOFF    
One-way carrier phase leveled to code                       OBSERVABLES USED    
[...]
cedu cggn chpi chti chur cnmr coco cord cpxf crar daej darw COMMENT             
dav1 dgar dgav dhlg drao dubo ebre fair faiv fale flin flrs COMMENT             
frdn func ganp glsv gmsd gode godz gold gope gras graz guam COMMENT             
guat guug harb hers hert hlfx hnpt hob2 hofn holb holm hrao COMMENT             
hyde iddr ieng iisc ineg invk iqal iqui irkj isba ispa joz2 COMMENT             
joze karr kat1 kely kerg khar kir0 kiru kit3 kokb kokv kouc COMMENT             
lama lhaz lmmf lpal lpgs m0se mac1 madr mag0 mal2 mana mas1 COMMENT             
mat1 mate maui maw1 mcil mdvj medi mets mgue mizu mkea mnls COMMENT             
mobj mobk mobs monp morp mqzg mtka nano nico nist nium nklg COMMENT             
nlib not1 novm nrc1 nril nrmd nya1 ohi2 ohi3 onsa opmt pado COMMENT             
palv park pbr2 pbri pdel penc pert pfa2 pie1 pimo pol2 polv COMMENT             
pots pove prds ptbb qaq1 quin rabt ramo rbay recf reso reun COMMENT             
reyk rio2 riop salu sant savo sch2 scor scrz sey1 sfer smst COMMENT             
sofi spt0 ssia sthl stjo stk2 str2 suth sutm sutv sydn syog COMMENT             
tabl tash thti thu3 tid1 tidb tixg tixi tlse tn22 tow2 tro1 COMMENT             
tsea tskb txes uclu ufpr ulab unb3 unbj unsa untr urum urus COMMENT             
usud vaco vald vill vtsp wab1 wab2 wgtn whit will wind wsrt COMMENT             
wtza wtzr wtzs wtzz xmis yakt yar2 yar3 yarr ycba yell ykro COMMENT             
yssk zamb zeck zim2 zimj zimm zwe2                          COMMENT             
                                                            END OF HEADER       
[from data line 5577]
    14                                                      START OF TEC MAP    
  2015     9    16    13     0     0                        EPOCH OF CURRENT MAP
    87.5-180.0 180.0   5.0 450.0                            LAT/LON1/LON2/DLON/H
  106  107  107  108  108  109  109  110  111  111  112  112  112  113  113  113
  113  114  114  114  114  113  113  113  113  112  112  111  111  110  110  109
  109  108  108  107  106  106  105  105  104  104  103  103  103  102  102  102
  102  102  101  101  101  101  101  101  101  102  102  102  102  102  102  103
  103  103  103  104  104  105  105  106  106
    85.0-180.0 180.0   5.0 450.0                            LAT/LON1/LON2/DLON/H
   97   98   99  100  101  103  104  106  107  108  109  110  111  112  113  114
  114  114  115  115  115  115  114  114  113  113  112  111  110  109  108  107
  106  105  104  102  101  100   99   98   97   96   95   95   94   93   93   93
   93   93   92   92   93   93   93   93   93   93   93   92   92   92   92   92
   92   93   93   93   94   94   95   96   97
    82.5-180.0 180.0   5.0 450.0                            LAT/LON1/LON2/DLON/H
   82   83   85   87   89   92   94   96   99  101  103  105  106  108  109  110
  111  112  112  112  112  112  112  112  112  111  111  110  109  108  107  105
  104  102  101   99   97   95   94   92   90   89   88   87   86   85   85   84
   84   84   84   84   84   84   84   84   84   83   83   82   81   81   80   79
   79   78   78   78   78   78   79   80   82
    80.0-180.0 180.0   5.0 450.0                            LAT/LON1/LON2/DLON/H
   64   66   68   71   74   77   81   84   87   90   93   96   98  100  102  103
  105  105  106  107  107  108  108  109  109  109  109  109  108  108  107  105
  104  102  100   98   96   94   92   90   87   85   84   82   81   80   79   78
   78   78   78   78   78   78   78   77   77   75   74   72   71   69   67   65
   64   62   61   60   60   60   61   62   64
    77.5-180.0 180.0   5.0 450.0                            LAT/LON1/LON2/DLON/H
   47   49   52   56   59   63   67   71   75   79   83   86   89   91   93   95
   97   98   99  100  101  102  103  105  106  108  109  109  110  110  109  108
  107  105  103  101   99   97   94   92   90   87   85   82   80   79   78   77
   76   76   76   76   76   76   75   73   71   69   67   64   61   58   55   52
   50   48   46   44   43   43   44   45   47
    75.0-180.0 180.0   5.0 450.0                            LAT/LON1/LON2/DLON/H
   33   36   39   43   47   52   56   60   64   68   72   76   79   82   85   87
   89   90   92   93   95   97   99  101  104  107  110  112  113  113  113  112
  111  109  108  106  104  103  101   98   96   93   90   87   85   82   81   79
   79   78   78   78   77   76   74   72   68   65   61   57   53   50   46   43
   40   37   35   33   31   31   31   32   33
    72.5-180.0 180.0   5.0 450.0                            LAT/LON1/LON2/DLON/H
   26   28   31   35   39   43   48   52   55   59   63   66   70   74   77   80
   82   84   85   87   89   92   95   99  103  108  112  115  117  118  117  116
  115  113  111  110  109  109  108  107  105  102   99   95   92   89   86   84
   83   83   83   82   81   79   76   72   68   63   58   53   49   45   41   38
   35   32   30   28   26   24   24   24   26
    70.0-180.0 180.0   5.0 450.0                            LAT/LON1/LON2/DLON/H
   23   25   28   31   35   38   42   45   48   51   54   58   62   66   70   74
   77   79   81   83   85   88   92   97  103  109  114  118  120  121  120  118
  116  113  112  111  112  112  113  113  112  110  107  103   99   95   92   90
   89   89   89   88   86   83   79   74   68   62   56   51   46   43   40   38
   36   34   31   29   26   24   23   22   23
    67.5-180.0 180.0   5.0 450.0                            LAT/LON1/LON2/DLON/H
   24   25   26   29   32   35   37   39   41   43   46   50   54   60   65   70
   74   77   78   79   81   84   89   95  102  109  116  120  122  122  120  116
  113  110  108  108  110  112  114  116  117  115  113  109  104  100   97   95
   94   94   94   94   91   88   82   76   69   62   55   50   47   44   43   42
   41   40   37   35   32   29   26   24   24
    65.0-180.0 180.0   5.0 450.0                            LAT/LON1/LON2/DLON/H
   26   25   26   27   29   31   33   34   35   36   38   42   47   54   61   67
   72   75   77   77   78   81   85   92  100  108  115  120  121  120  117  113
  108  104  102  103  105  108  112  115  117  116  114  110  105  101   98   97
   97   98   98   98   96   92   86   78   70   63   57   52   50   48   48   49
   49   48   46   43   39   35   31   28   26
    62.5-180.0 180.0   5.0 450.0                            LAT/LON1/LON2/DLON/H
   28   26   25   25   25   26   27   28   28   28   30   33   39   47   56   65
   71   74   75   75   75   77   82   89   97  106  113  117  119  118  114  109
  104  100   97   97   99  103  107  110  113  113  111  107  103   99   97   97
   98  100  101  102  100   95   89   81   73   66   60   57   55   55   55   56
   56   55   53   50   46   41   36   32   28
    60.0-180.0 180.0   5.0 450.0                            LAT/LON1/LON2/DLON/H
   30   26   23   21   21   21   21   21   21   21   22   26   32   41   51   61
   68   72   73   72   71   73   78   85   94  102  109  114  116  115  112  108
  104   99   96   95   96   99  102  105  107  107  105  102   99   96   95   95
   98  101  103  104  102   98   92   85   77   71   67   64   63   62   63   63
   63   61   59   55   50   45   40   35   30
    57.5-180.0 180.0   5.0 450.0                            LAT/LON1/LON2/DLON/H
   32   27   22   19   17   17   17   17   16   16   17   20   26   35   46   57
   65   69   70   69   68   70   75   82   91   99  106  111  114  115  114  112
  109  106  102  100   99   99  101  103  103  103  101   98   95   94   94   96
   99  103  106  107  105  101   96   89   84   79   76   74   72   71   70   69
   66   64   60   56   52   48   43   38   32
    55.0-180.0 180.0   5.0 450.0                            LAT/LON1/LON2/DLON/H
   37   31   25   20   16   15   15   15   15   15   15   17   21   30   40   51
   60   65   66   65   65   68   73   82   90   98  104  109  113  117  120  122
  121  119  115  111  108  106  105  104  103  102  100   98   96   96   97   99
  103  108  111  111  110  106  101   96   92   90   88   86   84   81   77   73
   68   63   59   56   53   50   47   43   37
    52.5-180.0 180.0   5.0 450.0                            LAT/LON1/LON2/DLON/H
   46   40   32   26   21   19   18   19   19   18   17   17   20   26   36   46
   55   61   63   63   65   69   76   84   93  100  106  110  116  123  129  135
  137  136  132  127  121  117  113  111  109  107  105  103  102  102  104  107
  111  115  117  117  115  111  107  104  102  102  101  100   97   91   84   77
   69   62   57   54   53   53   52   50   46
    50.0-180.0 180.0   5.0 450.0                            LAT/LON1/LON2/DLON/H
   58   52   45   37   31   28   27   27   27   27   25   23   22   26   33   42
   51   57   61   63   67   73   82   91  100  106  110  114  121  130  139  148
  153  153  149  142  136  130  126  123  120  117  114  113  113  114  116  119
  122  125  126  125  122  118  114  112  112  114  114  113  109  101   91   80
   70   61   55   53   54   57   59   60   58
    47.5-180.0 180.0   5.0 450.0                            LAT/LON1/LON2/DLON/H
   71   67   60   52   46   42   40   40   40   39   36   32   29   29   33   40
   49   57   62   67   72   81   91  101  109  114  117  120  127  136  147  157
  163  164  160  154  148  143  140  137  134  131  128  127  127  128  130  133
  135  136  136  135  131  126  122  120  121  124  126  124  119  110   98   85
   73   63   56   54   57   62   67   71   71
    45.0-180.0 180.0   5.0 450.0                            LAT/LON1/LON2/DLON/H
   82   80   75   68   62   57   55   55   55   53   50   44   38   35   36   42
   51   59   67   73   81   91  103  113  120  124  126  127  132  140  151  160
  166  167  164  159  156  154  154  153  151  147  144  142  142  143  145  146
  147  147  147  144  140  134  130  127  128  131  133  132  127  117  104   91
   78   67   60   58   61   67   74   80   82
    42.5-180.0 180.0   5.0 450.0                            LAT/LON1/LON2/DLON/H
   88   88   85   80   75   72   69   68   68   67   63   57   50   44   43   48
   56   66   75   83   92  103  114  125  131  134  134  134  136  142  149  157
  161  163  161  160  161  164  168  170  168  164  159  156  156  157  158  158
  158  157  156  154  149  143  136  133  132  134  136  136  131  122  110   97
   84   74   67   64   66   71   78   84   88
    40.0-180.0 180.0   5.0 450.0                            LAT/LON1/LON2/DLON/H
   87   88   87   85   83   81   79   78   77   77   75   70   63   56   53   57
   65   76   86   96  105  115  125  133  139  141  141  140  140  141  145  150
  155  157  159  162  167  175  183  188  187  181  174  169  168  168  169  169
  167  166  164  162  158  151  143  137  134  134  135  135  131  124  114  103
   92   82   75   71   71   74   79   83   87
    37.5-180.0 180.0   5.0 450.0                            LAT/LON1/LON2/DLON/H
   80   81   82   82   83   83   82   81   81   83   83   81   75   69   65   68
   77   89  100  109  117  125  132  139  143  146  146  145  142  141  143  147
  153  159  164  171  180  192  203  208  206  198  188  181  179  179  180  179
  177  175  173  171  167  159  150  141  134  132  132  132  130  124  117  108
   99   90   83   77   74   74   75   78   80
    35.0-180.0 180.0   5.0 450.0                            LAT/LON1/LON2/DLON/H
   69   69   70   72   75   78   78   79   80   83   87   88   86   81   78   81
   90  103  114  122  128  132  136  139  143  146  149  149  147  145  147  154
  164  174  184  194  205  218  229  233  228  217  203  194  192  193  195  193
  190  186  183  181  177  169  158  146  136  131  129  128  127  123  118  111
  103   96   89   82   77   73   71   69   69
    32.5-180.0 180.0   5.0 450.0                            LAT/LON1/LON2/DLON/H
   59   56   56   58   62   67   69   71   73   78   86   92   94   92   90   93
  103  115  126  134  137  137  137  137  140  145  151  155  155  156  162  175
  192  210  223  234  243  253  261  262  254  239  223  212  210  213  215  214
  208  202  197  194  190  182  169  154  140  132  128  127  126  123  118  111
  105   99   92   85   78   72   67   62   59
    30.0-180.0 180.0   5.0 450.0                            LAT/LON1/LON2/DLON/H
   53   48   45   45   49   54   58   60   64   71   82   92   98   99   99  103
  113  126  137  143  144  141  137  134  136  143  154  163  169  176  189  211
  239  264  280  288  292  295  298  295  284  266  249  238  237  241  245  243
  235  225  216  211  206  196  182  165  149  138  132  129  127  124  118  111
  104   99   93   87   80   73   66   59   53
    27.5-180.0 180.0   5.0 450.0                            LAT/LON1/LON2/DLON/H
   56   48   41   37   38   43   47   51   54   62   75   89   98  102  104  109
  120  133  144  149  149  144  137  131  133  144  159  175  188  203  227  261
  299  331  347  350  345  339  334  328  315  298  281  271  272  279  284  281
  269  254  241  231  224  213  198  180  163  149  142  137  134  128  120  111
  103   97   92   87   82   75   69   63   56
    25.0-180.0 180.0   5.0 450.0                            LAT/LON1/LON2/DLON/H
   66   57   46   37   34   37   41   44   47   55   68   83   95  101  105  112
  123  137  148  153  153  147  138  132  134  148  169  191  212  237  272  317
  364  399  413  407  391  376  366  357  347  332  318  311  314  323  329  325
  310  289  269  255  244  232  216  198  180  166  157  151  145  136  125  113
  103   96   91   88   84   81   77   73   66
    22.5-180.0 180.0   5.0 450.0                            LAT/LON1/LON2/DLON/H
   82   73   59   46   38   37   40   42   44   50   61   76   88   96  102  110
  124  138  149  155  156  151  142  136  140  156  182  211  239  272  316  370
  422  456  464  449  423  401  388  381  375  367  358  354  359  369  375  370
  351  325  299  280  265  251  235  218  201  187  178  170  162  150  135  120
  106   97   92   90   88   87   87   86   82
    20.0-180.0 180.0   5.0 450.0                            LAT/LON1/LON2/DLON/H
  100   92   77   60   48   44   44   45   45   48   56   68   79   88   96  107
  122  137  149  156  158  155  149  145  151  170  200  233  267  306  355  412
  463  493  492  468  436  410  398  397  399  398  395  394  400  411  416  410
  389  359  328  303  284  268  253  237  223  211  201  192  182  168  150  131
  115  103   97   94   93   94   97  100  100
    17.5-180.0 180.0   5.0 450.0                            LAT/LON1/LON2/DLON/H
  114  110   96   77   62   54   52   52   50   49   53   61   70   78   88  103
  120  137  148  156  160  160  157  156  165  188  221  257  293  333  383  438
  483  503  493  463  429  406  399  406  416  423  425  426  432  441  447  439
  418  386  353  325  302  284  269  256  244  234  225  216  204  189  169  148
  129  115  106  102  100  101  104  110  114
    15.0-180.0 180.0   5.0 450.0                            LAT/LON1/LON2/DLON/H
  122  122  110   92   75   65   62   59   56   52   52   56   62   70   82   99
  119  137  148  155  161  164  166  169  183  209  245  281  316  354  399  445
  480  490  473  442  411  395  396  411  429  441  446  447  451  458  462  455
  435  405  372  342  317  297  282  271  262  255  247  238  226  210  191  169
  148  131  120  112  108  106  109  116  122
    12.5-180.0 180.0   5.0 450.0                            LAT/LON1/LON2/DLON/H
  123  126  118  102   85   74   69   66   62   57   54   54   56   63   76   97
  120  138  149  155  161  167  173  182  201  231  268  304  336  368  404  440
  462  462  441  413  392  385  395  415  437  451  455  454  454  458  462  457
  440  414  383  354  328  307  292  283  277  272  265  256  245  230  212  191
  169  151  136  126  118  112  112  116  123
    10.0-180.0 180.0   5.0 450.0                            LAT/LON1/LON2/DLON/H
  119  122  118  106   91   80   74   71   67   61   57   54   53   59   73   96
  121  140  150  155  162  170  180  195  218  253  291  325  352  377  403  427
  437  430  411  391  382  386  401  423  443  454  454  448  444  446  449  446
  434  413  388  361  335  313  298  290  286  283  277  269  258  246  230  211
  190  170  154  140  129  119  114  114  119
     7.5-180.0 180.0   5.0 450.0                            LAT/LON1/LON2/DLON/H
  111  114  113  104   92   81   75   72   69   65   60   56   53   57   72   97
  123  142  151  156  162  172  186  205  235  273  312  344  366  384  401  414
  416  407  393  385  388  401  418  435  448  450  443  431  424  424  427  428
  420  406  386  363  337  315  299  292  290  287  282  274  264  254  241  225
  205  186  169  155  142  128  117  110  111
     5.0-180.0 180.0   5.0 450.0                            LAT/LON1/LON2/DLON/H
  103  104  104   99   89   80   74   71   69   67   64   59   55   57   72   97
  124  144  153  158  164  176  192  215  249  290  330  360  377  389  399  406
  406  398  393  397  412  429  442  450  450  442  426  409  398  397  402  404
  401  392  378  358  335  312  296  289  287  284  278  270  262  254  245  231
  214  196  180  167  154  139  122  109  103
     2.5-180.0 180.0   5.0 450.0                            LAT/LON1/LON2/DLON/H
   98   95   95   92   86   78   71   68   68   68   67   62   57   59   72   97
  124  144  155  161  169  182  200  225  261  304  344  371  385  393  400  406
  406  405  410  425  446  463  468  462  448  428  405  384  372  371  376  380
  379  373  364  347  325  302  286  278  276  273  267  258  251  246  239  228
  213  198  185  175  165  149  130  111   98
