input/20150916_Mw8.3_300km/CODG2590.15I
     1.0            IONOSPHERE MAPS     GNSS                IONEX VERSION / TYPE
ADDNEQ2 V5.3        AIUB                21-SEP-15 15:17     PGM / RUN BY / DATE 
CODE'S GLOBAL IONOSPHERE MAPS FOR DAY 259, 2015             COMMENT             
Global ionosphere maps (GIM) are generated on a daily basis DESCRIPTION         
at CODE using data from about 300 GNSS sites of the IGS and DESCRIPTION         
other institutions. The vertical total electron content     DESCRIPTION         
(VTEC) is modeled in a solar-geomagnetic reference frame    DESCRIPTION         
using a spherical harmonics expansion up to degree and      DESCRIPTION         
order 15. Piece-wise linear functions are used for          DESCRIPTION         
representation in the time domain. The time spacing of      DESCRIPTION         
their vertices is 1 hour, conforming with the epochs of the DESCRIPTION         
VTEC maps. Instrumental biases, so-called differential      DESCRIPTION         
P1-P2 code biases (DCB), for all GNSS satellites and ground DESCRIPTION         
stations are estimated as constant values for each day,     DESCRIPTION         
simultaneously with the 25 times 256, or 6400 parameters    DESCRIPTION         
used to represent the global VTEC distribution. The DCB     DESCRIPTION         
datum is defined by a zero-mean condition imposed on the    DESCRIPTION         
satellite bias estimates. P1-C1 bias corrections are taken  DESCRIPTION         
into account if needed. To convert line-of-sight TEC into   DESCRIPTION         
vertical TEC, a modified single-layer model mapping         DESCRIPTION         
function approximating the JPL extended slab model mapping  DESCRIPTION         
function is adopted. The mapping function is evaluated at   DESCRIPTION         
geodetic satellite elevation angles. For the computation of DESCRIPTION         
the ionospheric pierce points, a spherical layer with a     DESCRIPTION         
radius of 6821 km is assumed, implying geocentric, not      DESCRIPTION         
geodetic IONEX latitudes.                                   DESCRIPTION         
Note: These GIM results correspond to the results for the   DESCRIPTION         
middle day of a 3-day combination analysis solving for 73   DESCRIPTION         
times 256, or 18688 VTEC parameters and 3 sets of daily     DESCRIPTION         
satellite and receiver DCB constants.                       DESCRIPTION         
Contact address: code(at)aiub.unibe.ch                      DESCRIPTION         
Web page:        www.aiub.unibe.ch/content/ionosphere/      DESCRIPTION         
Data archive:    ftp.unibe.ch/aiub/CODE/                    DESCRIPTION         
                 www.aiub.unibe.ch/download/CODE/           DESCRIPTION         
  2015     9    16     0     0     0                        EPOCH OF FIRST MAP  
  2015     9    17     0     0     0                        EPOCH OF LAST MAP   
  3600                                                      INTERVAL            
    25                                                      # OF MAPS IN FILE   
  NONE                                                      MAPPING FUNCTION    
    10.0                                                    ELEVATION CUTOFF    
One-way carrier phase leveled to code                       OBSERVABLES USED    
[...]
cedu cggn chpi chti chur cnmr coco cord cpxf crar daej darw COMMENT             
dav1 dgar dgav dhlg drao dubo ebre fair faiv fale flin flrs COMMENT             
frdn func ganp glsv gmsd gode godz gold gope gras graz guam COMMENT             
guat guug harb hers hert hlfx hnpt hob2 hofn holb holm hrao COMMENT             
hyde iddr ieng iisc ineg invk iqal iqui irkj isba ispa joz2 COMMENT             
joze karr kat1 kely kerg khar kir0 kiru kit3 kokb kokv kouc COMMENT             
lama lhaz lmmf lpal lpgs m0se mac1 madr mag0 mal2 mana mas1 COMMENT             
mat1 mate maui maw1 mcil mdvj medi mets mgue mizu mkea mnls COMMENT             
mobj mobk mobs monp morp mqzg mtka nano nico nist nium nklg COMMENT             
nlib not1 novm nrc1 nril nrmd nya1 ohi2 ohi3 onsa opmt pado COMMENT             
palv park pbr2 pbri pdel penc pert pfa2 pie1 pimo pol2 polv COMMENT             
pots pove prds ptbb qaq1 quin rabt ramo rbay recf reso reun COMMENT             
reyk rio2 riop salu sant savo sch2 scor scrz sey1 sfer smst COMMENT             
sofi spt0 ssia sthl stjo stk2 str2 suth sutm sutv sydn syog COMMENT             
tabl tash thti thu3 tid1 tidb tixg tixi tlse tn22 tow2 tro1 COMMENT             
tsea tskb txes uclu ufpr ulab unb3 unbj unsa untr urum urus COMMENT             
usud vaco vald vill vtsp wab1 wab2 wgtn whit will wind wsrt COMMENT             
wtza wtzr wtzs wtzz xmis yakt yar2 yar3 yarr ycba yell ykro COMMENT             
yssk zamb zeck zim2 zimj zimm zwe2                          COMMENT             
                                                            END OF HEADER       
[from data line 6006]
    15                                                      START OF TEC MAP    
  2015     9    16    14     0     0                        EPOCH OF CURRENT MAP
    87.5-180.0 180.0   5.0 450.0                            LAT/LON1/LON2/DLON/H
  118  118  119  120  121  122  122  123  124  125  125  126  127  127  128  128
  128  129  129  129  129  129  129  129  128  128  128  127  127  126  126  125
  124  124  123  123  122  121  121  120  119  119  118  117  117  116  116  115
  115  114  114  113  113  113  113  112  112  112  112  112  112  112  112  113
  113  113  114  114  115  115  116  117  118
    85.0-180.0 180.0   5.0 450.0                            LAT/LON1/LON2/DLON/H
  106  108  109  111  113  114  116  118  120  121  123  124  126  127  128  128
  129  130  130  130  130  130  130  129  129  128  127  126  125  125  123  122
  121  120  119  118  117  116  114  113  112  111  110  109  108  107  106  105
  104  103  102  101  101  100   99   99   98   98   98   97   97   97   98   98
   98   99   99  100  101  102  103  105  106
    82.5-180.0 180.0   5.0 450.0                            LAT/LON1/LON2/DLON/H
   90   93   95   97  100  103  105  108  111  113  116  118  120  122  123  125
  126  126  127  127  127  127  127  126  126  125  124  123  121  120  119  117
  116  114  113  111  110  108  107  106  104  103  101  100   98   96   95   93
   92   91   89   88   87   86   85   84   83   82   82   81   81   80   80   80
   81   81   82   83   84   85   87   88   90
    80.0-180.0 180.0   5.0 450.0                            LAT/LON1/LON2/DLON/H
   73   76   79   82   85   88   92   95   99  102  105  108  111  113  116  117
  119  120  121  121  122  122  122  121  121  120  119  118  117  115  114  112
  110  109  107  106  104  103  101  100   98   96   94   92   90   88   86   84
   82   80   78   76   75   73   72   70   69   67   66   65   64   63   63   63
   63   63   64   65   66   67   69   71   73
    77.5-180.0 180.0   5.0 450.0                            LAT/LON1/LON2/DLON/H
   58   61   64   67   70   74   78   82   86   90   93   97  100  103  106  108
  110  111  113  114  115  116  116  117  117  117  116  115  114  112  110  108
  106  105  103  102  101  100   99   97   96   94   91   89   86   83   80   77
   75   72   70   68   66   63   61   59   57   55   53   51   50   49   48   48
   48   48   49   50   51   52   54   56   58
    75.0-180.0 180.0   5.0 450.0                            LAT/LON1/LON2/DLON/H
   48   50   53   55   58   62   66   69   73   78   82   86   89   93   96   99
  101  103  105  106  108  110  112  114  116  117  117  116  115  112  110  107
  105  103  101  100  100   99   99   98   97   95   92   89   85   82   78   75
   71   69   66   63   61   58   55   52   49   46   44   42   40   39   38   38
   38   39   39   40   41   43   44   46   48
    72.5-180.0 180.0   5.0 450.0                            LAT/LON1/LON2/DLON/H
   42   43   45   47   50   53   56   59   63   67   71   75   79   83   87   90
   93   95   98  100  103  107  110  114  117  119  120  120  118  115  111  108
  104  102  100  100  100  101  101  101  101   99   96   92   87   83   79   75
   72   69   66   63   60   57   53   49   46   42   39   37   35   34   33   33
   34   35   35   36   37   38   39   41   42
    70.0-180.0 180.0   5.0 450.0                            LAT/LON1/LON2/DLON/H
   39   40   41   42   44   45   48   50   53   57   61   66   71   76   80   84
   87   90   93   96  100  105  110  115  120  124  125  125  123  119  114  109
  104  101   99   99  100  102  104  105  105  103  100   96   91   86   81   77
   74   72   70   67   64   60   56   51   46   42   38   36   34   34   33   34
   35   36   36   37   38   38   39   39   39
    67.5-180.0 180.0   5.0 450.0                            LAT/LON1/LON2/DLON/H
   38   37   37   38   38   40   41   43   45   49   53   58   64   70   75   80
   84   87   90   93   98  104  110  117  123  128  130  130  127  122  116  110
  104  100   97   97   98  101  104  107  107  106  103   98   93   87   83   80
   78   76   75   73   70   66   61   55   50   45   41   39   38   37   38   38
   39   40   40   40   40   40   39   38   38
    65.0-180.0 180.0   5.0 450.0                            LAT/LON1/LON2/DLON/H
   35   33   32   32   33   34   35   36   38   41   45   51   58   65   72   78
   82   86   89   92   96  102  110  117  124  130  132  132  130  125  118  111
  104   98   95   94   96   99  103  106  108  107  104   99   93   88   84   82
   81   81   81   80   77   73   67   61   55   50   47   45   44   44   44   44
   44   45   44   44   43   41   40   37   35
    62.5-180.0 180.0   5.0 450.0                            LAT/LON1/LON2/DLON/H
   31   28   26   26   26   27   28   29   31   34   38   45   53   62   71   78
   83   86   89   91   95  101  108  115  122  128  131  131  129  125  119  112
  105   99   95   93   94   97  101  104  106  105  102   97   92   87   84   83
   83   85   87   86   84   80   74   67   62   57   54   53   53   52   52   51
   50   49   48   46   44   41   38   34   31
    60.0-180.0 180.0   5.0 450.0                            LAT/LON1/LON2/DLON/H
   25   21   19   18   19   20   22   24   25   28   32   39   49   59   69   78
   84   87   89   90   93   98  104  111  117  122  126  128  127  125  122  117
  110  104   99   95   94   96   99  102  103  103  100   95   90   85   83   83
   86   89   91   92   90   85   79   73   68   65   63   62   62   61   59   57
   54   51   49   47   44   40   36   31   25
    57.5-180.0 180.0   5.0 450.0                            LAT/LON1/LON2/DLON/H
   22   16   13   12   13   15   18   20   21   24   28   35   45   57   68   78
   84   87   88   90   92   96  101  106  111  116  119  123  125  127  127  124
  120  113  107  101   98   97   99  101  102  102   99   94   90   86   84   85
   88   92   95   96   94   90   84   79   74   72   72   72   71   69   66   61
   57   52   49   46   43   40   34   28   22
    55.0-180.0 180.0   5.0 450.0                            LAT/LON1/LON2/DLON/H
   22   15   11   10   11   14   17   20   21   23   27   33   43   54   66   76
   83   86   88   89   91   94   99  103  107  110  114  119  125  131  135  135
  133  126  118  111  105  102  102  103  104  103  101   97   93   90   88   90
   93   97  100  101   98   94   89   84   81   80   81   81   80   77   71   65
   58   52   49   47   44   41   36   30   22
    52.5-180.0 180.0   5.0 450.0                            LAT/LON1/LON2/DLON/H
   28   21   16   14   15   18   21   24   25   26   29   34   42   53   64   74
   80   84   86   89   92   96  100  103  106  109  113  119  128  137  144  148
  146  140  131  121  114  109  108  109  110  109  107  104  101   98   97   98
  101  104  106  106  103   98   93   89   88   88   89   90   88   84   76   67
   59   53   50   49   48   47   43   36   28
    50.0-180.0 180.0   5.0 450.0                            LAT/LON1/LON2/DLON/H
   41   33   27   25   25   27   29   32   33   33   35   38   44   53   62   71
   77   82   86   90   95  101  106  109  111  113  117  124  134  145  154  158
  157  150  140  130  122  118  117  118  119  119  117  115  112  110  109  110
  112  114  114  113  109  104   99   95   95   96   98   98   96   90   81   70
   61   55   52   53   55   55   53   48   41
    47.5-180.0 180.0   5.0 450.0                            LAT/LON1/LON2/DLON/H
   56   50   44   40   39   40   41   43   44   44   44   45   49   55   62   69
   75   81   86   93  101  109  116  120  122  123  127  133  142  152  160  163
  161  153  144  135  129  127  127  129  130  130  129  128  126  125  125  125
  126  126  125  121  116  109  104  102  102  104  106  106  102   95   85   74
   65   59   57   59   63   65   66   62   56
    45.0-180.0 180.0   5.0 450.0                            LAT/LON1/LON2/DLON/H
   72   67   62   58   56   54   54   55   55   55   55   55   57   60   64   69
   75   82   89   99  110  121  129  134  136  138  140  144  151  157  161  162
  158  150  142  136  134  135  139  142  143  143  142  141  140  140  141  141
  141  140  136  131  123  116  110  107  108  110  112  112  109  101   91   80
   71   65   63   66   70   75   77   75   72
    42.5-180.0 180.0   5.0 450.0                            LAT/LON1/LON2/DLON/H
   82   80   77   73   70   67   65   65   66   67   67   67   67   68   70   74
   79   86   96  107  121  133  143  149  151  153  154  155  157  159  158  155
  150  143  138  137  140  146  152  156  157  155  153  152  152  154  155  156
  156  153  148  140  130  121  114  111  112  115  117  118  115  108   98   88
   78   72   70   72   76   81   83   84   82
    40.0-180.0 180.0   5.0 450.0                            LAT/LON1/LON2/DLON/H
   86   85   84   82   79   75   72   72   73   76   78   79   79   79   80   83
   87   95  105  118  131  144  154  161  164  165  165  164  161  158  153  149
  144  140  139  143  151  162  170  173  172  167  162  161  163  166  169  170
  169  166  159  148  136  124  116  112  114  117  121  122  120  114  106   96
   87   80   76   76   79   82   84   85   86
    37.5-180.0 180.0   5.0 450.0                            LAT/LON1/LON2/DLON/H
   81   82   83   83   81   77   74   73   76   81   86   90   91   92   93   95
  100  107  117  129  141  153  162  168  172  173  173  169  164  158  152  149
  147  148  152  161  173  186  194  195  189  180  173  171  173  178  182  183
  182  176  167  154  139  125  115  111  113  117  122  124  123  119  113  104
   95   87   81   79   78   79   79   80   81
    35.0-180.0 180.0   5.0 450.0                            LAT/LON1/LON2/DLON/H
   70   72   74   76   75   72   70   70   74   82   91   98  103  105  107  110
  115  122  130  140  149  158  164  170  174  177  177  173  168  163  161  163
  168  175  184  196  209  221  226  223  211  197  187  184  186  192  195  196
  193  186  174  159  140  124  112  108  110  116  121  124  124  122  118  111
  102   93   85   80   76   74   72   71   70
    32.5-180.0 180.0   5.0 450.0                            LAT/LON1/LON2/DLON/H
   59   59   61   64   64   63   62   63   69   79   91  103  111  117  121  126
  131  137  143  149  155  160  164  168  173  177  179  179  177  178  184  196
  210  224  236  248  258  266  266  256  239  221  207  203  206  211  213  211
  205  195  181  162  142  123  110  106  108  113  119  122  123  122  119  114
  106   97   88   81   75   71   66   61   59
    30.0-180.0 180.0   5.0 450.0                            LAT/LON1/LON2/DLON/H
   50   47   48   50   52   53   53   55   62   74   88  104  116  126  133  139
  145  150  154  157  159  160  161  165  171  178  185  190  196  206  224  249
  273  292  304  312  316  317  311  295  273  251  237  232  235  238  237  230
  219  205  188  168  145  125  111  106  108  113  117  119  119  119  117  113
  106   98   90   83   77   71   64   57   50
    27.5-180.0 180.0   5.0 450.0                            LAT/LON1/LON2/DLON/H
   49   41   38   39   41   43   45   48   55   67   83  101  117  131  141  149
  155  160  162  162  161  160  161  164  172  183  195  208  224  247  279  315
  348  369  378  378  374  367  355  335  310  288  274  270  272  273  267  254
  237  219  199  177  153  132  118  113  113  116  117  116  114  113  111  108
  104   97   91   86   82   77   70   59   49
    25.0-180.0 180.0   5.0 450.0                            LAT/LON1/LON2/DLON/H
   55   43   36   34   35   38   41   45   51   61   77   95  115  131  145  155
  162  165  167  166  164  162  163  169  179  195  214  235  262  297  340  386
  423  442  444  435  422  408  392  372  349  329  318  316  317  314  301  281
  258  235  213  190  167  147  133  127  125  125  121  116  110  106  104  102
  100   96   92   91   90   88   81   69   55
    22.5-180.0 180.0   5.0 450.0                            LAT/LON1/LON2/DLON/H
   69   53   41   35   35   37   41   44   49   56   70   88  109  129  144  156
  163  168  169  168  167  168  171  179  194  215  240  269  305  349  400  450
  485  498  490  471  451  434  419  402  384  369  363  363  364  357  338  310
  281  254  231  209  188  169  156  149  145  140  131  120  109  102   98   97
   96   95   94   96   99  100   96   85   69
    20.0-180.0 180.0   5.0 450.0                            LAT/LON1/LON2/DLON/H
   85   67   52   43   39   40   44   47   49   54   64   81  102  123  141  154
  163  168  170  171  173  176  183  196  215  241  271  307  348  397  449  495
  523  526  508  482  459  443  432  422  412  405  404  407  406  395  371  338
  304  275  252  232  213  197  185  178  172  162  148  130  114  103   98   96
   96   96   97  100  106  111  110  101   85
    17.5-180.0 180.0   5.0 450.0                            LAT/LON1/LON2/DLON/H
  100   82   66   53   46   46   49   51   52   53   59   74   96  118  137  151
  160  166  171  174  179  187  199  216  239  269  304  343  386  433  480  517
  533  524  498  469  447  437  434  433  432  432  436  440  439  425  397  361
  325  296  275  257  241  227  217  211  203  190  170  148  127  112  104  101
  100  100  100  104  110  117  119  113  100
    15.0-180.0 180.0   5.0 450.0                            LAT/LON1/LON2/DLON/H
  109   94   78   63   54   52   54   56   55   53   56   69   90  113  133  148
  159  166  172  178  187  199  215  237  264  297  334  373  413  453  490  514
  517  499  468  440  424  423  430  437  444  449  455  459  457  441  412  376
  341  314  296  281  268  256  248  242  234  219  197  172  148  130  119  113
  110  108  106  106  111  117  121  118  109
    12.5-180.0 180.0   5.0 450.0                            LAT/LON1/LON2/DLON/H
  111  100   86   71   60   57   58   60   57   53   55   66   87  110  131  147
  159  167  175  184  196  211  231  256  286  320  357  394  428  459  483  494
  486  461  431  408  402  410  424  438  448  455  460  463  458  443  415  382
  351  328  313  301  289  279  272  268  260  246  224  199  174  153  140  131
  125  118  112  109  109  112  116  116  111
    10.0-180.0 180.0   5.0 450.0                            LAT/LON1/LON2/DLON/H
  106  100   89   75   64   59   60   61   59   54   54   65   85  109  131  148
  160  170  180  190  204  223  245  272  304  339  374  406  432  453  465  466
  452  426  401  388  390  406  424  439  448  453  454  453  446  431  407  379
  354  336  324  313  302  292  286  283  278  266  248  224  200  179  163  151
  141  131  121  111  106  105  107  108  106
     7.5-180.0 180.0   5.0 450.0                            LAT/LON1/LON2/DLON/H
   97   95   87   75   65   60   60   62   59   54   53   64   85  110  132  150
  164  175  186  198  213  233  258  286  318  352  385  411  430  442  446  441
  427  407  391  387  397  415  432  443  446  444  438  432  423  410  391  370
  351  338  327  316  304  293  287  285  283  276  263  244  223  202  184  170
  157  144  129  115  104   98   96   97   97
     5.0-180.0 180.0   5.0 450.0                            LAT/LON1/LON2/DLON/H
   87   87   82   73   64   59   60   61   58   53   53   64   85  110  134  153
  168  180  192  206  223  244  269  297  329  362  392  414  426  432  432  428
  420  410  405  409  421  436  447  448  442  430  418  406  395  383  369  355
  342  332  322  310  295  282  275  274  275  273  265  252  235  217  199  183
  168  154  137  120  105   93   87   86   87
     2.5-180.0 180.0   5.0 450.0                            LAT/LON1/LON2/DLON/H
   78   79   77   70   63   59   60   61   58   52   52   63   85  111  135  155
  171  186  200  215  233  255  281  309  340  372  398  416  424  427  428  430
  431  433  437  445  456  463  462  452  435  415  395  378  366  356  346  336
  327  319  309  294  275  260  252  251  254  256  254  247  235  220  203  187
  173  159  143  125  107   92   83   78   78
