input/20150916_Mw8.3_300km/CODG2590.15I
     1.0            IONOSPHERE MAPS     GNSS                IONEX VERSION / TYPE
ADDNEQ2 V5.3        AIUB                21-SEP-15 15:17     PGM / RUN BY / DATE 
CODE'S GLOBAL IONOSPHERE MAPS FOR DAY 259, 2015             COMMENT             
Global ionosphere maps (GIM) are generated on a daily basis DESCRIPTION         
at CODE using data from about 300 GNSS sites of the IGS and DESCRIPTION         
other institutions. The vertical total electron content     DESCRIPTION         
(VTEC) is modeled in a solar-geomagnetic reference frame    DESCRIPTION         
using a spherical harmonics expansion up to degree and      DESCRIPTION         
order 15. Piece-wise linear functions are used for          DESCRIPTION         
representation in the time domain. The time spacing of      DESCRIPTION         
their vertices is 1 hour, conforming with the epochs of the DESCRIPTION         
VTEC maps. Instrumental biases, so-called differential      DESCRIPTION         
P1-P2 code biases (DCB), for all GNSS satellites and ground DESCRIPTION         
stations are estimated as constant values for each day,     DESCRIPTION         
simultaneously with the 25 times 256, or 6400 parameters    DESCRIPTION         
used to represent the global VTEC distribution. The DCB     DESCRIPTION         
datum is defined by a zero-mean condition imposed on the    DESCRIPTION         
satellite bias estimates. P1-C1 bias corrections are taken  DESCRIPTION         
into account if needed. To convert line-of-sight TEC into   DESCRIPTION         
vertical TEC, a modified single-layer model mapping         DESCRIPTION         
function approximating the JPL extended slab model mapping  DESCRIPTION         
function is adopted. The mapping function is evaluated at   DESCRIPTION         
geodetic satellite elevation angles. For the computation of DESCRIPTION         
the ionospheric pierce points, a spherical layer with a     DESCRIPTION         
radius of 6821 km is assumed, implying geocentric, not      DESCRIPTION         
geodetic IONEX latitudes.                                   DESCRIPTION         
Note: These GIM results correspond to the results for the   DESCRIPTION         
middle day of a 3-day combination analysis solving for 73   DESCRIPTION         
times 256, or 18688 VTEC parameters and 3 sets of daily     DESCRIPTION         
satellite and receiver DCB constants.                       DESCRIPTION         
Contact address: code(at)aiub.unibe.ch                      DESCRIPTION         
Web page:        www.aiub.unibe.ch/content/ionosphere/      DESCRIPTION         
Data archive:    ftp.unibe.ch/aiub/CODE/                    DESCRIPTION         
                 www.aiub.unibe.ch/download/CODE/           DESCRIPTION         
  2015     9    16     0     0     0                        EPOCH OF FIRST MAP  
  2015     9    17     0     0     0                        EPOCH OF LAST MAP   
  3600                                                      INTERVAL            
    25                                                      # OF MAPS IN FILE   
  NONE                                                      MAPPING FUNCTION    
    10.0                                                    ELEVATION CUTOFF    
One-way carrier phase leveled to code                       OBSERVABLES USED    
[...]
cedu cggn chpi chti chur cnmr coco cord cpxf crar daej darw COMMENT             
dav1 dgar dgav dhlg drao dubo ebre fair faiv fale flin flrs COMMENT             
frdn func ganp glsv gmsd gode godz gold gope gras graz guam COMMENT             
guat guug harb hers hert hlfx hnpt hob2 hofn holb holm hrao COMMENT             
hyde iddr ieng iisc ineg invk iqal iqui irkj isba ispa joz2 COMMENT             
joze karr kat1 kely kerg khar kir0 kiru kit3 kokb kokv kouc COMMENT             
lama lhaz lmmf lpal lpgs m0se mac1 madr mag0 mal2 mana mas1 COMMENT             
mat1 mate maui maw1 mcil mdvj medi mets mgue mizu mkea mnls COMMENT             
mobj mobk mobs monp morp mqzg mtka nano nico nist nium nklg COMMENT             
nlib not1 novm nrc1 nril nrmd nya1 ohi2 ohi3 onsa opmt pado COMMENT             
palv park pbr2 pbri pdel penc pert pfa2 pie1 pimo pol2 polv COMMENT             
pots pove prds ptbb qaq1 quin rabt ramo rbay recf reso reun COMMENT             
reyk rio2 riop salu sant savo sch2 scor scrz sey1 sfer smst COMMENT             
sofi spt0 ssia sthl stjo stk2 str2 suth sutm sutv sydn syog COMMENT             
tabl tash thti thu3 tid1 tidb tixg tixi tlse tn22 tow2 tro1 COMMENT             
tsea tskb txes uclu ufpr ulab unb3 unbj unsa untr urum urus COMMENT             
usud vaco vald vill vtsp wab1 wab2 wgtn whit will wind wsrt COMMENT             
wtza wtzr wtzs wtzz xmis yakt yar2 yar3 yarr ycba yell ykro COMMENT             
yssk zamb zeck zim2 zimj zimm zwe2                          COMMENT             
                                                            END OF HEADER       
[from data line 4719]
    12                                                      START OF TEC MAP    
  2015     9    16    11     0     0                        EPOCH OF CURRENT MAP
    87.5-180.0 180.0   5.0 450.0                            LAT/LON1/LON2/DLON/H
   85   85   85   85   85   86   86   86   86   87   87   87   87   88   88   88
   88   89   89   89   89   90   90   90   90   90   90   90   90   90   89   89
   89   89   88   88   88   87   87   86   86   86   85   85   85   85   84   84
   84   84   84   84   84   84   84   84   84   84   84   84   84   84   84   84
   84   84   84   84   84   84   84   84   85
    85.0-180.0 180.0   5.0 450.0                            LAT/LON1/LON2/DLON/H
   76   76   77   77   78   78   79   79   80   80   81   81   82   83   83   84
   85   85   86   87   87   88   89   89   90   90   91   91   91   91   90   90
   89   88   88   87   85   84   83   82   81   80   80   79   79   78   78   78
   78   78   79   79   79   79   79   79   79   79   79   78   78   78   77   77
   76   76   76   76   75   75   76   76   76
    82.5-180.0 180.0   5.0 450.0                            LAT/LON1/LON2/DLON/H
   63   64   65   66   67   68   69   69   70   71   72   72   73   74   75   76
   77   78   79   81   82   84   86   87   88   90   91   92   92   93   92   92
   91   90   88   86   84   82   80   78   76   75   74   73   72   72   72   73
   73   74   75   75   76   76   76   76   76   75   74   73   71   70   68   67
   66   64   63   63   62   62   62   62   63
    80.0-180.0 180.0   5.0 450.0                            LAT/LON1/LON2/DLON/H
   48   49   51   53   54   56   58   59   60   61   61   62   63   64   65   66
   67   69   71   74   76   79   81   84   86   89   91   93   94   96   96   96
   95   93   91   89   85   82   79   76   73   71   70   69   69   69   70   71
   73   74   75   76   77   77   77   77   75   74   71   69   66   63   59   56
   53   51   48   47   46   45   46   46   48
    77.5-180.0 180.0   5.0 450.0                            LAT/LON1/LON2/DLON/H
   33   35   38   41   44   46   48   50   51   52   52   53   53   54   55   57
   59   61   64   67   70   73   77   80   84   87   91   94   97   99  100  101
  101   99   97   94   90   85   81   77   74   71   70   70   70   71   73   76
   78   80   82   83   83   83   82   81   79   76   72   68   63   58   52   47
   42   38   34   31   30   29   29   31   33
    75.0-180.0 180.0   5.0 450.0                            LAT/LON1/LON2/DLON/H
   21   24   28   32   36   39   42   44   45   45   46   46   47   48   49   51
   53   56   59   63   66   70   73   77   81   85   89   93   97  101  104  106
  107  106  104  101   96   91   86   82   78   76   75   75   77   80   83   86
   88   91   92   93   93   92   91   88   85   80   75   70   63   56   49   42
   35   29   24   20   18   16   17   18   21
    72.5-180.0 180.0   5.0 450.0                            LAT/LON1/LON2/DLON/H
   15   19   23   28   32   36   38   40   41   42   42   42   43   44   46   48
   51   55   58   61   65   68   71   75   78   82   86   91   96  101  106  109
  112  112  111  108  103   97   92   87   84   82   83   85   88   92   96  100
  102  104  105  105  104  102   99   96   92   87   81   75   68   60   52   43
   35   28   21   16   12   11   10   12   15
    70.0-180.0 180.0   5.0 450.0                            LAT/LON1/LON2/DLON/H
   15   18   22   26   31   34   37   38   39   39   39   40   41   42   45   48
   52   55   59   62   65   68   70   72   75   78   82   86   92   98  104  109
  114  116  115  113  108  103   97   93   90   90   92   96  100  106  110  114
  116  117  117  115  112  109  105  102   97   93   88   82   75   67   59   50
   42   33   26   20   16   13   12   13   15
    67.5-180.0 180.0   5.0 450.0                            LAT/LON1/LON2/DLON/H
   20   22   24   27   30   33   35   36   36   37   37   37   39   41   44   48
   52   56   60   63   65   67   69   71   72   74   77   81   86   92   99  106
  112  116  117  115  111  105  100   97   95   97  100  106  112  118  123  126
  127  126  124  120  116  112  108  104  101   97   94   89   84   77   70   62
   53   45   38   31   26   22   20   19   20
    65.0-180.0 180.0   5.0 450.0                            LAT/LON1/LON2/DLON/H
   28   27   27   28   29   31   32   32   32   32   32   34   36   39   43   47
   51   55   58   61   64   66   68   69   71   72   74   76   80   86   94  101
  108  113  115  114  111  106  101   98   98  101  106  113  120  126  130  132
  132  129  125  121  116  111  107  105  102  101   99   96   93   88   82   75
   68   60   53   47   41   37   33   30   28
    62.5-180.0 180.0   5.0 450.0                            LAT/LON1/LON2/DLON/H
   38   34   31   29   28   27   26   26   26   26   26   28   31   35   39   43
   47   50   53   56   59   62   66   68   70   72   73   74   77   82   89   97
  105  111  114  113  110  105  101   99  100  104  111  118  125  130  133  133
  131  128  123  118  113  109  105  104  103  103  103  102  101   97   93   87
   81   74   68   62   57   52   47   42   38
    60.0-180.0 180.0   5.0 450.0                            LAT/LON1/LON2/DLON/H
   46   40   34   29   25   23   21   19   19   19   20   22   25   29   33   36
   39   42   44   47   52   57   63   68   72   74   75   76   77   81   87   95
  103  109  113  113  110  105  102  100  102  107  114  121  127  130  132  131
  128  124  119  115  110  107  105  104  105  106  107  107  107  105  101   95
   90   84   78   73   69   64   59   53   46
    57.5-180.0 180.0   5.0 450.0                            LAT/LON1/LON2/DLON/H
   53   45   37   30   25   21   17   15   14   13   14   16   19   23   26   28
   30   31   33   36   42   50   59   68   75   79   81   81   82   84   89   96
  104  111  115  116  113  108  105  104  107  112  118  124  127  129  129  127
  124  121  118  115  112  110  109  108  109  110  112  112  112  109  105  100
   94   88   83   79   76   72   67   61   53
    55.0-180.0 180.0   5.0 450.0                            LAT/LON1/LON2/DLON/H
   59   51   42   35   28   23   19   15   13   12   12   13   15   18   19   20
   20   20   22   26   33   44   57   69   79   86   89   89   89   90   94  101
  110  117  121  122  119  115  112  112  114  119  124  128  129  129  127  125
  124  123  122  121  119  118  117  117  117  117  118  118  116  113  108  101
   94   87   82   79   77   75   71   66   59
    52.5-180.0 180.0   5.0 450.0                            LAT/LON1/LON2/DLON/H
   63   56   49   43   37   31   26   22   19   17   15   15   15   16   15   14
   13   12   13   18   28   41   56   71   84   92   97   97   97   98  102  109
  117  125  130  131  129  125  123  123  126  129  133  134  133  130  128  127
  128  129  131  131  131  130  129  128  127  126  125  124  121  116  110  101
   92   84   78   75   74   73   72   68   63
    50.0-180.0 180.0   5.0 450.0                            LAT/LON1/LON2/DLON/H
   67   63   59   55   50   45   40   35   31   27   24   22   20   18   15   13
   10    9   10   16   26   40   57   73   87   97  102  104  104  106  110  117
  126  134  140  141  140  138  137  137  140  142  143  142  139  135  133  134
  136  140  143  144  144  143  141  139  137  135  133  130  126  121  113  104
   93   83   75   71   70   70   70   70   67
    47.5-180.0 180.0   5.0 450.0                            LAT/LON1/LON2/DLON/H
   70   70   69   68   66   63   58   53   47   42   38   33   29   24   20   16
   12   11   13   19   30   44   60   75   89   99  105  108  109  111  116  123
  133  142  149  152  153  152  152  153  155  156  156  152  147  143  141  143
  147  152  155  155  154  152  150  147  145  143  140  136  132  127  119  109
   97   86   76   70   68   68   70   70   70
    45.0-180.0 180.0   5.0 450.0                            LAT/LON1/LON2/DLON/H
   73   75   78   81   82   80   76   70   64   59   53   47   41   35   29   24
   20   19   22   28   38   51   64   78   89   98  105  108  111  113  118  126
  137  147  155  161  164  166  168  170  171  171  168  163  157  152  151  154
  158  162  163  162  158  155  152  151  149  147  145  142  139  134  127  118
  106   93   82   74   70   70   70   72   73
    42.5-180.0 180.0   5.0 450.0                            LAT/LON1/LON2/DLON/H
   75   78   84   89   92   92   88   83   78   73   68   62   55   48   41   36
   32   31   34   40   50   60   71   80   89   97  103  107  110  113  118  127
  137  149  160  169  176  181  184  187  187  185  180  174  167  163  162  165
  168  169  166  161  155  151  149  149  150  150  149  147  145  141  136  128
  117  104   92   82   77   74   73   73   75
    40.0-180.0 180.0   5.0 450.0                            LAT/LON1/LON2/DLON/H
   75   78   84   91   95   96   93   89   85   82   79   75   69   63   56   51
   47   45   48   54   62   70   78   84   90   97  103  107  110  112  117  125
  136  150  164  177  188  197  202  205  204  200  194  187  180  175  174  175
  176  173  166  157  149  144  144  146  150  152  153  153  151  148  143  136
  127  115  103   93   86   81   78   75   75
    37.5-180.0 180.0   5.0 450.0                            LAT/LON1/LON2/DLON/H
   73   74   79   86   91   92   90   87   85   84   85   84   82   78   73   67
   63   60   61   66   73   80   85   89   94   99  105  109  111  113  116  123
  135  151  169  187  203  216  223  226  223  218  210  203  196  191  189  188
  184  177  166  154  145  141  143  148  154  159  161  161  158  154  148  142
  133  122  111  102   95   88   82   77   73
    35.0-180.0 180.0   5.0 450.0                            LAT/LON1/LON2/DLON/H
   70   68   70   76   80   81   79   77   78   81   86   90   92   92   89   84
   78   74   72   75   81   87   92   95   99  104  110  114  115  115  117  124
  138  157  179  202  223  239  248  250  246  239  231  224  218  213  209  205
  198  187  174  160  151  149  152  159  167  173  176  174  168  160  152  143
  134  124  114  107  100   94   86   77   70
    32.5-180.0 180.0   5.0 450.0                            LAT/LON1/LON2/DLON/H
   67   61   61   64   66   67   65   64   67   73   82   91   99  103  103   99
   92   85   81   82   87   93   98  102  106  111  117  121  122  120  122  129
  145  168  195  222  247  266  277  278  273  266  258  252  246  241  236  229
  220  208  194  182  174  173  177  184  192  198  200  195  185  171  156  142
  130  120  111  105  101   96   88   77   67
    30.0-180.0 180.0   5.0 450.0                            LAT/LON1/LON2/DLON/H
   65   56   53   53   55   54   53   52   56   64   76   90  102  111  114  110
  102   93   86   85   89   96  102  107  112  119  125  129  130  128  130  140
  159  186  216  247  275  296  307  308  303  295  289  285  281  276  270  262
  252  242  231  222  217  216  219  223  229  233  233  225  209  186  163  142
  125  112  103   99   98   95   89   77   65
    27.5-180.0 180.0   5.0 450.0                            LAT/LON1/LON2/DLON/H
   65   54   49   48   48   48   46   46   49   57   70   85  101  113  119  117
  108   97   88   85   89   97  104  110  116  123  131  136  137  138  143  156
  179  209  242  275  303  324  335  336  332  326  323  322  320  316  309  302
  295  288  283  279  277  275  273  273  275  277  275  263  240  209  176  147
  123  105   94   91   92   93   89   78   65
    25.0-180.0 180.0   5.0 450.0                            LAT/LON1/LON2/DLON/H
   68   58   51   49   49   49   48   47   48   54   65   80   96  110  117  117
  109   98   88   84   88   95  103  110  116  124  132  139  144  148  158  176
  203  236  269  301  328  347  358  360  358  355  356  359  359  356  350  345
  342  342  344  346  345  341  334  327  324  323  320  306  277  239  197  160
  128  105   91   87   89   92   90   81   68
    22.5-180.0 180.0   5.0 450.0                            LAT/LON1/LON2/DLON/H
   76   65   59   56   56   57   57   56   55   56   63   74   89  102  109  110
  104   95   86   82   85   93  100  107  112  120  129  139  148  159  175  199
  230  263  294  322  345  363  373  376  377  379  384  390  393  392  388  386
  389  397  406  412  412  404  390  376  368  367  363  348  316  273  225  181
  144  115   97   90   92   95   94   87   76
    20.0-180.0 180.0   5.0 450.0                            LAT/LON1/LON2/DLON/H
   86   76   70   67   67   69   72   71   67   63   64   70   80   90   96   98
   95   89   83   80   82   89   96  101  106  113  124  137  152  170  193  222
  255  287  315  337  355  369  379  385  390  396  405  413  418  418  417  419
  428  443  458  468  467  453  433  414  403  401  398  383  351  306  257  211
  170  138  115  104  103  105  104   96   86
    17.5-180.0 180.0   5.0 450.0                            LAT/LON1/LON2/DLON/H
   99   90   83   79   79   83   87   87   82   73   68   68   72   77   81   83
   84   82   79   77   80   85   91   95   99  106  119  136  158  183  212  245
  278  307  329  344  357  368  379  388  397  406  417  426  432  433  434  440
  454  475  494  505  502  483  457  435  424  423  422  408  376  333  286  243
  204  170  144  130  125  123  118  109   99
    15.0-180.0 180.0   5.0 450.0                            LAT/LON1/LON2/DLON/H
  114  105   97   91   90   95  101  102   95   84   74   68   66   66   66   69
   73   75   76   75   77   82   87   91   95  103  118  140  167  197  230  265
  297  321  337  347  354  364  376  389  401  412  422  431  435  437  440  449
  466  490  511  521  514  492  464  441  431  432  432  418  388  349  309  273
  239  207  180  163  154  146  137  125  114
    12.5-180.0 180.0   5.0 450.0                            LAT/LON1/LON2/DLON/H
  131  121  111  102   99  102  109  112  106   94   82   72   65   60   57   59
   64   70   73   74   76   81   86   91   97  107  124  150  180  214  248  282
  311  331  342  347  352  361  376  392  406  417  424  429  432  433  437  448
  467  490  510  517  507  483  455  435  428  430  429  413  385  351  321  295
  269  242  218  199  187  174  159  144  131
    10.0-180.0 180.0   5.0 450.0                            LAT/LON1/LON2/DLON/H
  150  138  126  114  106  106  112  115  111  100   89   79   70   60   54   54
   61   68   72   74   76   81   89   97  105  118  138  166  198  232  265  296
  321  338  346  349  353  365  383  402  416  424  426  425  425  425  430  442
  460  481  497  500  488  464  439  422  419  420  416  397  368  339  319  305
  289  269  249  233  218  202  183  164  150
     7.5-180.0 180.0   5.0 450.0                            LAT/LON1/LON2/DLON/H
  169  157  143  126  113  108  111  114  111  103   94   87   77   66   57   56
   62   69   73   74   77   84   95  107  119  135  157  186  217  249  279  306
  328  343  351  354  361  376  397  418  431  434  429  422  419  419  425  436
  452  469  480  479  465  443  422  410  408  407  396  371  341  317  306  302
  296  284  270  257  244  226  204  184  169
     5.0-180.0 180.0   5.0 450.0                            LAT/LON1/LON2/DLON/H
  188  177  162  141  122  112  110  111  107  102   98   94   87   76   66   63
   67   73   75   75   79   89  104  120  136  155  178  206  235  263  289  312
  333  348  358  365  375  393  417  438  449  446  434  422  416  417  424  435
  448  459  464  460  445  425  409  400  397  391  373  342  309  288  284  289
  290  285  277  269  259  242  221  201  188
     2.5-180.0 180.0   5.0 450.0                            LAT/LON1/LON2/DLON/H
  204  196  182  159  135  120  112  108  103   99   98   98   95   86   77   73
   75   77   76   76   81   95  113  133  151  172  196  223  248  272  293  315
  335  353  366  377  392  412  437  458  465  456  439  424  416  419  427  438
  447  453  453  445  430  413  399  392  387  375  348  311  277  259  260  269
  275  274  270  268  262  249  231  214  204
