input/20150916_Mw8.3_300km/CODG2590.15I
     1.0            IONOSPHERE MAPS     GNSS                IONEX VERSION / TYPE
ADDNEQ2 V5.3        AIUB                21-SEP-15 15:17     PGM / RUN BY / DATE 
CODE'S GLOBAL IONOSPHERE MAPS FOR DAY 259, 2015             COMMENT             
Global ionosphere maps (GIM) are generated on a daily basis DESCRIPTION         
at CODE using data from about 300 GNSS sites of the IGS and DESCRIPTION         
other institutions. The vertical total electron content     DESCRIPTION         
(VTEC) is modeled in a solar-geomagnetic reference frame    DESCRIPTION         
using a spherical harmonics expansion up to degree and      DESCRIPTION         
order 15. Piece-wise linear functions are used for          DESCRIPTION         
representation in the time domain. The time spacing of      DESCRIPTION         
their vertices is 1 hour, conforming with the epochs of the DESCRIPTION         
VTEC maps. Instrumental biases, so-called differential      DESCRIPTION         
P1-P2 code biases (DCB), for all GNSS satellites and ground DESCRIPTION         
stations are estimated as constant values for each day,     DESCRIPTION         
simultaneously with the 25 times 256, or 6400 parameters    DESCRIPTION         
used to represent the global VTEC distribution. The DCB     DESCRIPTION         
datum is defined by a zero-mean condition imposed on the    DESCRIPTION         
satellite bias estimates. P1-C1 bias corrections are taken  DESCRIPTION         
into account if needed. To convert line-of-sight TEC into   DESCRIPTION         
vertical TEC, a modified single-layer model mapping         DESCRIPTION         
function approximating the JPL extended slab model mapping  DESCRIPTION         
function is adopted. The mapping function is evaluated at   DESCRIPTION         
geodetic satellite elevation angles. For the computation of DESCRIPTION         
the ionospheric pierce points, a spherical layer with a     DESCRIPTION         
radius of 6821 km is assumed, implying geocentric, not      DESCRIPTION         
geodetic IONEX latitudes.                                   DESCRIPTION         
Note: These GIM results correspond to the results for the   DESCRIPTION         
middle day of a 3-day combination analysis solving for 73   DESCRIPTION         
times 256, or 18688 VTEC parameters and 3 sets of daily     DESCRIPTION         
satellite and receiver DCB constants.                       DESCRIPTION         
Contact address: code(at)aiub.unibe.ch                      DESCRIPTION         
Web page:        www.aiub.unibe.ch/content/ionosphere/      DESCRIPTION         
Data archive:    ftp.unibe.ch/aiub/CODE/                    DESCRIPTION         
                 www.aiub.unibe.ch/download/CODE/           DESCRIPTION         
  2015     9    16     0     0     0                        EPOCH OF FIRST MAP  
  2015     9    17     0     0     0                        EPOCH OF LAST MAP   
  3600                                                      INTERVAL            
    25                                                      # OF MAPS IN FILE   
  NONE                                                      MAPPING FUNCTION    
    10.0                                                    ELEVATION CUTOFF    
One-way carrier phase leveled to code                       OBSERVABLES USED    
[...]
cedu cggn chpi chti chur cnmr coco cord cpxf crar daej darw COMMENT             
dav1 dgar dgav dhlg drao dubo ebre fair faiv fale flin flrs COMMENT             
frdn func ganp glsv gmsd gode godz gold gope gras graz guam COMMENT             
guat guug harb hers hert hlfx hnpt hob2 hofn holb holm hrao COMMENT             
hyde iddr ieng iisc ineg invk iqal iqui irkj isba ispa joz2 COMMENT             
joze karr kat1 kely kerg khar kir0 kiru kit3 kokb kokv kouc COMMENT             
lama lhaz lmmf lpal lpgs m0se mac1 madr mag0 mal2 mana mas1 COMMENT             
mat1 mate maui maw1 mcil mdvj medi mets mgue mizu mkea mnls COMMENT             
mobj mobk mobs monp morp mqzg mtka nano nico nist nium nklg COMMENT             
nlib not1 novm nrc1 nril nrmd nya1 ohi2 ohi3 onsa opmt pado COMMENT             
palv park pbr2 pbri pdel penc pert pfa2 pie1 pimo pol2 polv COMMENT             
pots pove prds ptbb qaq1 quin rabt ramo rbay recf reso reun COMMENT             
reyk rio2 riop salu sant savo sch2 scor scrz sey1 sfer smst COMMENT             
sofi spt0 ssia sthl stjo stk2 str2 suth sutm sutv sydn syog COMMENT             
tabl tash thti thu3 tid1 tidb tixg tixi tlse tn22 tow2 tro1 COMMENT             
tsea tskb txes uclu ufpr ulab unb3 unbj unsa untr urum urus COMMENT             
usud vaco vald vill vtsp wab1 wab2 wgtn whit will wind wsrt COMMENT             
wtza wtzr wtzs wtzz xmis yakt yar2 yar3 yarr ycba yell ykro COMMENT             
yssk zamb zeck zim2 zimj zimm zwe2                          COMMENT             
                                                            END OF HEADER       
[from data line 429]
     2                                                      START OF TEC MAP    
  2015     9    16     1     0     0                        EPOCH OF CURRENT MAP
    87.5-180.0 180.0   5.0 450.0                            LAT/LON1/LON2/DLON/H
   80   79   79   78   77   76   75   74   73   72   71   70   68   67   66   65
   64   63   62   61   60   59   58   57   56   56   55   55   55   55   55   55
   55   56   57   57   58   59   60   62   63   64   66   67   69   70   72   73
   75   76   77   78   80   81   82   82   83   84   84   84   85   85   85   85
   85   84   84   83   83   82   82   81   80
    85.0-180.0 180.0   5.0 450.0                            LAT/LON1/LON2/DLON/H
   87   86   85   84   82   81   80   78   77   76   74   73   71   69   67   65
   63   61   59   57   55   53   51   49   47   46   44   43   42   42   42   42
   42   43   44   46   47   50   52   54   57   60   63   66   69   72   75   77
   80   83   85   87   89   91   92   93   94   95   96   96   96   96   96   96
   95   94   93   93   92   91   89   88   87
    82.5-180.0 180.0   5.0 450.0                            LAT/LON1/LON2/DLON/H
   90   89   88   87   86   85   84   83   82   81   80   79   77   75   73   71
   69   66   63   61   58   54   51   48   45   42   39   37   35   34   33   33
   33   34   35   37   40   43   46   50   54   58   62   66   70   74   77   81
   84   87   90   92   95   97   98  100  101  102  102  102  102  102  101  100
   99   98   97   96   95   93   92   91   90
    80.0-180.0 180.0   5.0 450.0                            LAT/LON1/LON2/DLON/H
   89   89   89   89   89   89   89   89   88   88   87   86   85   84   82   80
   78   75   72   69   65   61   57   53   49   45   41   37   34   32   30   29
   29   30   31   34   36   40   44   48   53   57   62   66   70   74   78   81
   84   87   90   92   95   97   98  100  101  102  102  102  102  101  100   99
   98   96   95   94   92   91   90   90   89
    77.5-180.0 180.0   5.0 450.0                            LAT/LON1/LON2/DLON/H
   86   87   88   89   90   91   93   94   94   95   95   95   94   93   91   89
   87   85   82   79   75   71   66   61   56   51   47   42   38   35   33   31
   31   31   33   35   38   41   45   49   53   58   62   66   69   73   75   78
   80   83   85   87   88   90   92   94   95   96   96   97   96   95   94   93
   91   90   89   87   86   86   85   86   86
    75.0-180.0 180.0   5.0 450.0                            LAT/LON1/LON2/DLON/H
   82   84   86   89   91   94   96   98  100  101  101  101  100   99   98   96
   94   92   89   86   82   78   74   69   64   59   54   49   45   42   39   37
   37   37   38   39   41   44   47   51   54   58   61   64   66   68   70   71
   72   73   75   76   78   80   82   84   86   87   88   89   88   88   86   85
   84   82   81   80   79   79   80   81   82
    72.5-180.0 180.0   5.0 450.0                            LAT/LON1/LON2/DLON/H
   80   82   85   88   92   95   98  101  104  105  106  105  104  103  101   98
   96   94   91   88   85   81   77   73   68   63   59   55   51   48   46   45
   44   44   44   44   46   47   49   51   53   56   58   59   61   61   62   62
   62   62   63   64   65   68   71   74   76   79   80   81   82   81   80   78
   77   76   74   74   74   75   76   77   80
    70.0-180.0 180.0   5.0 450.0                            LAT/LON1/LON2/DLON/H
   79   81   84   87   91   95   99  102  105  107  108  107  105  103  100   97
   94   91   88   85   82   78   74   70   66   62   59   57   55   53   52   51
   51   50   49   48   48   48   48   48   49   50   51   52   53   53   52   52
   51   50   51   52   54   58   62   66   70   74   76   78   78   78   77   75
   74   73   72   71   72   73   74   76   79
    67.5-180.0 180.0   5.0 450.0                            LAT/LON1/LON2/DLON/H
   80   82   84   86   89   93   97  101  104  106  107  106  104  100   97   93
   89   85   81   77   74   70   66   62   59   57   55   54   54   55   55   55
   55   53   52   49   47   45   43   42   42   42   43   43   44   44   43   42
   41   41   42   44   47   51   57   63   68   73   76   78   79   79   78   77
   75   74   73   73   74   75   76   78   80
    65.0-180.0 180.0   5.0 450.0                            LAT/LON1/LON2/DLON/H
   84   84   85   85   87   89   93   97  100  103  104  103  101   98   94   89
   84   79   74   69   64   59   55   51   49   48   48   49   51   53   55   56
   56   54   51   47   43   39   35   33   32   32   33   34   35   35   35   35
   35   35   36   39   43   49   56   63   70   76   80   83   84   84   83   82
   81   80   79   79   80   81   82   83   84
    62.5-180.0 180.0   5.0 450.0                            LAT/LON1/LON2/DLON/H
   91   90   88   86   85   86   88   91   95   99  100  100   99   96   92   88
   83   77   70   64   57   51   45   42   40   39   41   44   47   51   53   55
   54   52   48   43   37   32   28   25   23   23   24   26   28   29   30   31
   31   32   34   37   43   50   58   66   74   81   85   88   90   91   91   90
   90   89   88   88   88   89   90   91   91
    60.0-180.0 180.0   5.0 450.0                            LAT/LON1/LON2/DLON/H
  100   98   94   89   86   84   85   88   91   95   97   98   98   96   94   90
   85   79   71   63   55   47   41   37   35   36   38   41   45   48   51   52
   51   49   44   39   33   27   23   20   18   18   19   22   24   27   29   30
   31   32   34   38   44   52   61   71   79   86   90   93   95   97   98   99
  100  100   99   99   99  100  101  101  100
    57.5-180.0 180.0   5.0 450.0                            LAT/LON1/LON2/DLON/H
  113  109  104   97   91   87   86   87   90   93   96   97   98   99   98   95
   91   85   77   68   58   50   44   40   38   39   40   43   46   48   50   50
   49   46   42   37   32   27   23   20   18   18   19   22   25   28   30   31
   32   33   36   40   47   55   65   74   83   89   94   97   99  102  105  107
  110  111  111  110  110  111  112  113  113
    55.0-180.0 180.0   5.0 450.0                            LAT/LON1/LON2/DLON/H
  127  124  118  110  102   96   93   93   94   95   97   99  101  102  103  102
   99   93   85   76   67   60   54   51   49   49   50   50   51   51   51   50
   48   46   43   39   36   33   30   27   25   24   25   26   29   32   34   35
   35   36   38   43   49   58   68   77   86   92   96   99  102  105  110  115
  119  121  121  121  121  122  125  127  127
    52.5-180.0 180.0   5.0 450.0                            LAT/LON1/LON2/DLON/H
  143  141  135  126  117  110  106  104  103  103  103  104  105  107  109  109
  106  100   93   86   79   73   70   67   66   65   64   62   59   57   54   52
   50   48   47   46   45   44   42   40   37   35   34   35   37   39   40   40
   40   40   42   47   53   62   72   81   89   95   99  101  104  108  114  121
  127  130  131  130  131  133  137  141  143
    50.0-180.0 180.0   5.0 450.0                            LAT/LON1/LON2/DLON/H
  158  157  152  143  135  128  123  120  117  114  112  111  112  114  115  114
  111  106  101   95   91   89   88   87   86   84   80   75   69   63   59   55
   53   53   53   55   57   58   57   55   52   49   47   46   47   48   48   47
   46   46   48   53   60   68   78   87   95  100  104  106  109  113  120  128
  134  138  139  139  139  143  148  154  158
    47.5-180.0 180.0   5.0 450.0                            LAT/LON1/LON2/DLON/H
  170  170  165  157  150  144  140  137  133  128  124  122  122  123  122  120
  115  110  106  104  103  104  105  106  105  101   95   87   78   70   64   60
   58   59   61   65   69   72   72   70   66   62   60   59   59   59   58   55
   53   53   55   61   69   78   87   96  104  109  113  114  116  120  127  135
  141  145  147  146  147  152  158  166  170
    45.0-180.0 180.0   5.0 450.0                            LAT/LON1/LON2/DLON/H
  179  178  173  166  160  156  154  152  148  143  138  135  135  134  132  127
  120  114  111  112  114  118  121  122  119  114  105   95   85   76   70   66
   64   66   69   74   79   83   84   82   78   74   71   70   71   70   68   65
   62   61   65   72   81   91  100  109  116  122  125  126  127  130  136  142
  148  152  153  153  155  160  167  175  179
    42.5-180.0 180.0   5.0 450.0                            LAT/LON1/LON2/DLON/H
  185  182  175  168  163  162  162  162  159  154  150  149  149  149  145  137
  127  120  118  120  125  130  133  133  129  121  111  100   89   81   76   72
   71   72   75   80   85   88   89   87   84   81   80   81   82   82   79   74
   70   70   75   84   95  105  114  123  130  135  139  140  141  142  146  151
  155  157  158  159  162  168  176  183  185
    40.0-180.0 180.0   5.0 450.0                            LAT/LON1/LON2/DLON/H
  190  185  176  167  163  163  165  166  165  162  161  162  165  166  161  151
  140  131  129  132  137  141  142  139  133  123  112  101   92   86   82   79
   77   77   79   82   86   88   89   88   86   85   86   89   92   92   89   83
   78   78   84   95  108  119  128  135  142  148  151  153  153  154  156  159
  161  162  163  165  170  177  185  191  190
    37.5-180.0 180.0   5.0 450.0                            LAT/LON1/LON2/DLON/H
  200  191  180  171  166  166  168  170  169  167  169  174  181  184  180  169
  156  146  143  145  148  149  146  141  132  122  111  102   95   91   89   86
   84   81   81   81   83   84   85   85   85   87   90   95  100  100   96   89
   82   82   90  104  118  129  138  144  150  155  159  161  162  164  165  166
  167  167  168  173  180  190  198  202  200
    35.0-180.0 180.0   5.0 450.0                            LAT/LON1/LON2/DLON/H
  219  209  197  187  181  179  179  178  175  174  176  184  195  201  198  188
  174  163  158  157  156  153  147  139  130  120  110  103   98   97   96   93
   89   84   81   80   80   80   81   82   84   88   93   99  104  105   99   90
   83   83   92  107  123  135  142  147  152  157  161  164  167  169  172  173
  174  175  177  184  195  207  217  222  219
    32.5-180.0 180.0   5.0 450.0                            LAT/LON1/LON2/DLON/H
  250  243  233  224  217  212  207  200  192  187  188  196  207  214  213  203
  189  177  170  164  159  151  142  134  126  118  111  105  103  102  101   98
   93   87   82   80   79   78   79   81   84   89   95  100  105  104   98   88
   79   79   89  106  123  135  141  145  149  154  158  162  166  171  177  181
  183  186  191  201  215  230  243  250  250
    30.0-180.0 180.0   5.0 450.0                            LAT/LON1/LON2/DLON/H
  295  295  291  285  279  270  258  243  226  214  209  213  220  225  222  211
  197  183  173  163  152  141  132  126  122  118  113  108  106  106  105  101
   95   89   85   83   83   82   82   84   87   91   95   99  101  100   93   82
   73   72   82  100  118  131  137  141  144  148  152  156  162  171  181  190
  197  202  211  224  241  260  277  289  295
    27.5-180.0 180.0   5.0 450.0                            LAT/LON1/LON2/DLON/H
  350  361  367  368  364  352  333  308  282  259  245  239  238  236  227  213
  196  180  165  151  137  124  117  116  118  119  115  111  108  107  106  101
   95   91   90   91   92   91   91   91   93   94   95   95   95   93   86   75
   65   64   75   93  112  125  133  137  140  144  147  152  160  173  189  203
  215  225  237  253  273  295  316  335  350
    25.0-180.0 180.0   5.0 450.0                            LAT/LON1/LON2/DLON/H
  408  432  451  462  463  451  427  394  358  325  299  280  266  250  231  210
  187  167  149  131  115  103  101  107  115  120  118  112  108  105  103   99
   95   95   98  103  106  106  104  101  100   97   94   90   87   84   77   67
   58   57   68   86  106  121  130  136  141  145  148  153  163  179  200  221
  239  254  269  287  308  331  356  382  408
    22.5-180.0 180.0   5.0 450.0                            LAT/LON1/LON2/DLON/H
  460  496  529  552  561  551  526  489  448  407  371  338  307  274  240  207
  177  151  129  109   92   84   87  100  114  121  119  111  105  101   99   97
   97  101  109  119  124  123  118  113  106  100   92   85   80   76   70   62
   54   53   63   82  103  119  131  141  149  155  158  163  174  193  218  244
  267  286  304  323  342  365  392  424  460
    20.0-180.0 180.0   5.0 450.0                            LAT/LON1/LON2/DLON/H
  495  541  585  620  638  636  614  579  539  497  455  411  363  311  260  212
  172  140  114   93   78   73   81   99  115  122  118  109  101   98   98   98
  101  110  123  136  142  140  132  122  112  101   90   80   74   70   66   59
   51   51   61   80  102  121  136  150  162  171  177  183  194  215  242  271
  298  320  339  356  373  393  418  453  495
    17.5-180.0 180.0   5.0 450.0                            LAT/LON1/LON2/DLON/H
  507  558  609  652  680  687  675  649  617  582  541  491  431  363  294  231
  180  141  113   93   81   79   88  106  121  125  119  109  101  100  102  106
  112  124  139  152  158  153  142  128  114  101   89   78   71   68   64   57
   51   51   60   80  103  124  143  162  179  193  202  209  222  243  271  300
  328  351  370  385  397  411  432  464  507
    15.0-180.0 180.0   5.0 450.0                            LAT/LON1/LON2/DLON/H
  496  543  594  642  678  696  697  686  669  649  618  570  504  424  341  265
  204  161  133  115  105  103  110  123  132  132  123  113  108  110  116  122
  130  141  155  166  168  161  146  129  114  101   89   79   72   68   63   57
   51   50   60   80  104  128  150  173  195  214  228  239  253  274  301  328
  354  376  394  406  413  421  434  459  496
    12.5-180.0 180.0   5.0 450.0                            LAT/LON1/LON2/DLON/H
  467  504  548  595  635  663  677  683  687  686  672  635  572  488  397  312
  244  199  172  157  149  145  145  148  149  143  134  126  126  132  140  148
  154  162  170  175  173  161  144  126  111   99   89   81   74   69   63   55
   49   48   59   79  104  130  154  180  207  231  250  266  283  304  328  353
  375  394  410  419  422  423  428  442  467
    10.0-180.0 180.0   5.0 450.0                            LAT/LON1/LON2/DLON/H
  431  452  484  524  564  598  624  645  668  688  695  674  621  542  450  363
  294  248  224  213  206  197  188  179  170  160  152  150  154  164  174  180
  182  182  182  179  170  155  136  119  106   97   90   84   77   69   60   51
   44   44   56   77  103  130  155  183  212  240  265  286  306  328  351  371
  389  405  418  426  426  422  418  420  431
     7.5-180.0 180.0   5.0 450.0                            LAT/LON1/LON2/DLON/H
  399  404  420  449  485  520  552  584  621  659  684  682  644  575  491  408
  341  299  279  271  263  249  230  211  194  182  178  182  191  203  211  213
  209  200  189  176  161  143  124  109   98   93   90   85   77   66   55   45
   38   39   51   74  101  128  153  180  209  240  268  295  320  344  366  383
  397  409  421  428  428  422  412  403  399
     5.0-180.0 180.0   5.0 450.0                            LAT/LON1/LON2/DLON/H
  383  374  376  392  419  450  481  516  559  606  644  657  635  582  510  437
  377  340  323  317  308  289  263  236  216  207  209  218  230  241  245  241
  229  210  188  166  146  127  110   97   89   87   86   82   73   60   47   36
   31   34   48   71   99  126  149  174  201  232  263  293  322  350  373  389
  399  409  419  428  430  425  414  399  383
     2.5-180.0 180.0   5.0 450.0                            LAT/LON1/LON2/DLON/H
  390  371  362  368  384  406  430  459  498  544  585  606  597  560  504  443
  393  360  346  339  329  308  279  251  234  231  240  253  264  270  268  257
  237  210  180  152  128  110   95   84   79   79   79   75   65   51   37   28
   25   31   46   70   98  124  146  167  191  219  250  282  315  346  371  388
  397  406  416  427  434  433  425  410  390
